0000000000001111100000100000000000111100
0001000010001111100000111001000111011100
0001011010001111100101111111110111001100
0000011000001111100101000110110111010000
1001000010001111100000111100110000010110
1000000000001111101111111100110000001110
0000000000000000001111111100001100001000
0001100000000000010001100110011100011000
0011101000000000010000100110010000011000
0011001000000000000000000000000000000000
0000111111111011000000000110011111111011
0000111111111111111000011111011111111011
0000111111111110111000011111011111111000
1001111111111000011100011111011111111001
1010111111111000011100001111011111111001
0000000000000000010100010001000000000000
0000000000000000000000000000000000000000
0111100000110010110100100000000000000000
0111100110110010110100101000001001100011
00111101100011000010SS001001101001111011