111111111111111111111111111111111111111111111111111111111111
110011111111111111111111111111111111111111111111111111111221
110001011111111111111111111111111111111111111111111111111221
111000VV1111100001111111111111111111111111111111111111111111
1111000011100FF001111111111111111111111111111111111111111111
1100011111100FF011111115511111111111111111111111111111111111
111000111111000011111100001111111111111111111111111111111111
111110001111100011111000000111111111111111111111111111111111
110000000001110111110000000111111111111111111111111111111111
1PP00000000011111000000CC00111111111111111111111111111111111
11P00000000000010000000CC00011111111111111111111111111111111
110000000000000000000000000001111111111111111111111111111111
110000000000000000000000000000001111111111111111111111111111
000000000000000000000000000000001111111111111111111111111111
000000000000000000000000000000000111111111111111111111111111
000000000000000000000000000000000011111111111111111111111111
000000000000000111111111000000000001111111111111111111111111
000000000000001111111111100000000000111111111111111111111111
000000000001111111111111111000000000111111111111111111111111
000000000111111111100011111000000001111111111111111111111111
000011111111111100000001111100000011111111111111111111111111
001111111111100000001001111110000111001111111111111111111111
111111111111000000000000111111100111001011111111111111111111
111111000000000000000000001111000000000011111111111111111111
000000010000000000000000010110000000000011111111111111111111
000000000000000100000000000000000000000001111111111111111111
000000000000000000000000000000000000000001011111111111111111
000000000000000000000000000000000000000000011111111111111111
0E0000000000000000000000000000000000000000011111111111111111
000000000100000000000000000100000000010000011111110111111111
000000000000000000000000000000000000000000001111110011111111
000000000000000000000000000000000000000000001111111000511111
000000000000000000000000000000000000000000000111111000111111
000001000000000000010000000000000000000000000111111001111111
000000000001000000000010000000000000000000001111111011111111
000000000000000110000000000000000000000000001111111011111111
010000100000111111111111000010000000000000001111111001111111
000000000001111111111111100000000000000000001111111100NN0111
000000111111111111111111111100001000000000000111111100NN0011
000001111111111111111111111110000000000000000011111100000011
111111111111100000111111111111110000000000000011111101000011
1111111111110000001111111111111111100000000001111111GG001111
1111111111100000000111111111111111110000000001111111GG011111
111111110000000000000011111111111111100000000111111100011111
111111100000000000000000000111111111100000000111111001001111
100000000111111111111000000011TT1111100000001111111011100111
100000001111111111111100000000TT1111110000011111111001100011
100001111111111111111110000000001111111001111111111010000111
101111111111000000011111000000001111111001111111110000011011
101111111111000000001111100000000000000001111111110100001011
101111100000000010000111100000000000000011111111111110001011
101110000000000111000111100000000000000011111111111100000011
101110000000111111000111110000000000000011111111101100001011
10111000000011HH11000111110000000000000111100111100000011111
10111011000011HH10001111110000000000000111101111010000011111
10111111000111HH00001111110000000000000111101110000000111111
1011111000111100000011111100000000000001111111100000KK001111
101100000111111000011111110000000000000000011000000000011111
100010001111111111111111110000000000000000000000110101111111
111111111111111111111111111000000000000000111111111111111111