111111111111111111111111111111
111111111111111111111111111111
110011111111111111111111110011
110011111111111111111111110011
110011000000011000000000110011
110001000010000001100000100011
110001011010110011110000100011
110001011001111111111000100011
110001000011111111111010100011
110111000011111111111010100011
110111000011111111111001110011
110001001011111111111001110011
110001001011111111111000100011
110001000011111111111000101011
110101000011111111111111101011
110101000011001111111000100011
110001000011100000000000100011
110111000111000000001100111011
110111000110000000001110111011
110001000010100000011100100011
110011000000100000001000110011
110011111111100001111111110011
110011111111100001111111110011
110011111111100001111111110011
110011111111100001111111110011
110011000000000000000000110011
110000000000000000000000000011
111111111111SSSSSS111111111111
111111111111SSSSSS111111111111
111111111111SSSSSS111111111111