0000000100000000000000000000000000000000
0000000100000010111111100111111100000000
0100101010100010111111101111111100001000
0100000000000000111111101111111100001000
0000101010100000111111100111111100000000
0000000000000000111111101111111100000000
0000001000000000000000000000000000000000
0000000000000000000000000000000000000000
1011110000000000001000111000011110000000
1011111111101110001001111000011110000010
0011111111101110000000111001011110000010
0011111111111111000111111101011110000000
0011111111111111000111111100011110000000
0011111111111111010111111101011110000000
0011111111111111000111111100011111000000
0001000011111111000111111100011111000100
0010000000000000000000000000010000000100
0010000000000000000000000000000000000000
0000000000000000000000000001000000000000
00000000000000000000SS000001000000000000