11111111111111111111
11111111111111111111
11111111111111111111
11111111111111111111
11111111111111111111
11000000000000000011
11010000000000000011
11111100000000111111
11111100000000111111
11111100000000111111
11111100000000111111
11100000000000000011
11000000000000000011
11001111111111110111
11001111111111110011
11001100100100110011
11001100100100110011
11000000100100000011
11000000000000010011
111111SSS00000111111
111111SSSSSSSS111111
11111111111111111111
11111111111111111111
11111111111111111111
11111111111111111111