0000000000000000000000000000000000000000
0000000000000000000000000000000000000000
0111111111111111111111111111111111111110
0111111111111111111111111111111111111110
0111111111111111111111111111111111111110
0111111111111111111111111111111111111110
0100000000000000000000000000000011000010
0100001111100111110011111111100111000010
0111001111100111110011111111100111110010
0111101111111111110011111111100111110010
0101101111111111110011111111100111100010
0100001111100111111111111111100011000010
0100111111100111111111111111100011000010
0101111111100111110011111111100001100010
0101101111100111110001000000010001100010
0100001111100111110110000000000000000010
0100001111100111110110000110001111100010
0100001111100111110000000111001111100010
0101100000000000000000001111001111100010
0101100000000000000000001100001111100010
0100011111111100011111111100111111100010
0100011111111100011111111100111111100010
0100011111111100011111111100001111100010
0100011111111100011111111100001111100010
0100011111111100011111111100001111100010
0101111111111100111111111100001111100010
0101111111111100011111111100001111100010
0100000000000010000000000010000100000010
0100000000000000000000000000000000000010
0111111111111111110000111111111111111110
0111111111111111110000111111111111111110
011111111111111111SSSS111111111111111110