1111111111111111111111111111
1111111111111111111111111111
1111111111111111111111111111
1111111111111111111111111111
1111111111111111111111111111
1111111111111111111111111111
1111111111111111111111111111
0000001111100000000000100000
0110011111111111110001101000
0110111111111111111111111100
0000111111111100111111111100
0000111111011010011111111100
0000111111001000111111111000
0000111110000011111110111100
0000011111100011111110000000
0110001111100011111000000011
0111000001110001111000010011
1111100000000011100000000011
1111110000000000000001001001
1111110000000000001101111001
0111111101011001111111111001
0011011111111011111111100000
0011011111111111011101100000
0000011111111111101000000001
0000110000110001100000000011
0001000100000000000000011111
0000001000000000000000011111
S000000000000000000000011111