000000000000000000000000000000
011000000000000000000000000110
011000000000000000000000000110
011111111111111111111111111110
011111111111111111111111111110
011111111111111111111111111110
011111111111111111111111111110
011111111111111111111111111110
001000000000000000000000000100
001000000000000000000000000100
001000001100000001111000000100
001000001100011011111100000100
001001000011011111111110000100
001000000111100111111110000100
001000001111110111111110000100
001110111111110111111110000100
001110111111111111111110011100
001110111111111111111110011100
001110111111110111111110000100
001110111111110000000000000100
001110111111110000000001000100
001000000000000000000000000100
001000000000000000000000010100
011010000000000000000000010110
011000000100000000000000000110
011111111111100001111111111110
011111111111100001111111111110
011111111111100001111111111110
011111111111100001111111111110
0110000000001SSSS1000000000110